        45
        75
         8
        52
        36
        87
        49
        36
        75
        94
         7
        91
        91
         1
        96
        43
         8
        29
        13
        78
        72
        20
        77
        48
        92
        14
        55
        68
        16
        20
        41
        20
         4
        57
         2
        85
        54
        96
         3
        91
        45
        87
        33
        67
        48
        60
        20
        85
        41
         4
        32
        76
        97
        57
        97
        28
        64
        28
        34
        28
        33
        65
        43
        59
        82
        31
        84
        99
        67
        58
        39
        75
        91
        38
        16
        49
        77
        19
        17
        17
        50
        33
        77
         9
        51
        99
        12
        86
        12
        36
        91
        96
        68
        61
        37
        59
        45
        77
        60
        79
